1429
1441
2774
2923
2926
2927
2985
3303
3304
3306
3307
3313
3314
3316
3318
3320
3328
3329
3330
3331
3332
3333
3334
3335
3336
3338
3339
3340
3341
3345
3346
3347
3351
3352
3356
3357
3358
3359
3363
3422
3423
3424
3425
3543
3577
3604
3605
3606
3607
3610
3620
3621
3622
3625
3626
3627
3628
3629
3630
3633
3636
3637
3638
3639
3640
3641
3650
3651
3653
3655
3657
3658
3660
3661
3662
3663
3665
3666
3667
3668
3669
3670
3671
3672
3673
3674
3675
3676
3677
3678
3679
3680
3681
3682
3683
3684
3697
3699
3704
3717
3744
3754
3764
3765
3766
3799
3800
3860
3945
3946
3951
3964
3965
3966
3967
3968
3970
3971
3984
3985
4010
4032
4067
4072
4073
4121
4125
4126
4132
4142
4143
4144
4159
4162
4163
4177
4178
4179
4180
4182
4195
4213
4220
4235
5127

