135077143003
135077143004
135077143002
135077144406
135077144407
135077144405
135077148555
135077148556
135077148554
135077143009
135077143008
135077143014
135077143015
135077143013
135077144380
135077144381
135077144379
135077167052
135077167053
135077167051
135077148498
135077148499
135077148497
135077166865
135077166866
135077166864
135077142646
135077142647
135077142645
135077140732
135077140733
135077140731
135077140735
135077140736
135077140734
135077140738
135077140739
135077140737
135077140741
135077140742
135077140740
135077140744
135077140745
135077140743
135077140747
135077140748
135077140746
135077140750
135077140751
135077140749
135077140753
135077140754
135077140752
135077140756
135077140757
135077140755
135077140759
135077140760
135077140758
135077140762
135077140763
135077140761
135077140765
135077140766
135077140764
135077140768
135077140769
135077140767
135077140771
135077140772
135077140770
135077140774
135077140775
135077140773
135077140777
135077140778
135077140776
135077140780
135077140781
135077140779
135077140783
135077140784
135077140782
135077140786
135077140787
135077140785
135077140789
135077140790
135077140788
135077140792
135077140793
135077140794
135077140791
135077140796
135077140797
135077140795
135077140799
135077140800
135077140798
135077140802
135077140803
135077140801
135077140805
135077140806
135077140804
135077140808
135077140809
135077140807
135077140811
135077140812
135077140810
135077140814
135077140815
135077140813
135077140817
135077140818
135077140816
135077140820
135077140821
135077140819
135077140823
135077140824
135077140822
135077140826
135077140827
135077140825
135077140829
135077140830
135077140828
135077140832
135077140833
135077140831
135077140835
135077140836
135077140834
135077140838
135077140839
135077140837
135077140841
135077140842
135077140840
135077140844
135077140845
135077140843
135077140847
135077140848
135077140846
135077140850
135077140851
135077140849
135077140853
135077140854
135077140852
135077140856
135077140857
135077140855
135077140859
135077140860
135077140858
135077140862
135077140863
135077140861
135077140865
135077140866
135077140864
135077140868
135077140869
135077140867
135077140871
135077140872
135077140870
135077140874
135077140875
135077140873
135077140877
135077140878
135077140876
135077140880
135077140881
135077140879
135077140883
135077140884
135077140882
135077140886
135077140887
135077140885
135077140889
135077140890
135077140888
135077140892
135077140893
135077140891
135077140895
135077140896
135077140894
135077140898
135077140899
135077140897
135077140901
135077140902
135077140900
135077140904
135077140905
135077140903
135077140907
135077140908
135077140906
135077140910
135077140911
135077140909
135077140913
135077140914
135077140912
135077140916
135077140917
135077140915
135077140919
135077140920
135077140918
135077140922
135077140923
135077140921
135077140925
135077140926
135077140924
135077140928
135077140929
135077140927
135077140931
135077140932
135077140930
135077140934
135077140935
135077140933
135077140937
135077140938
135077140936
135077140940
135077140941
135077140939
135077140943
135077140944
135077140942
135077140946
135077140947
135077140945
135077140949
135077140950
135077140948
135077140952
135077140953
135077140951
135077140955
135077140956
135077140954
135077140958
135077140959
135077140957
135077140961
135077140962
135077140960
135077140963
135077140965
135077140966
135077140964
135077140968
135077140969
135077140967
135077140971
135077140972
135077140970
135077140974
135077140975
135077140973
135077140977
135077140978
135077140976
135077140981
135077140982
135077140980
135077140984
135077140985
135077140983
135077140987
135077140988
135077140986
135077140990
135077140991
135077140989
135077140993
135077140994
135077140992
135077140996
135077140997
135077140995
135077140999
135077141000
135077140998
135077141002
135077141003
135077141001
135077141005
135077141006
135077141004
135077141008
135077141009
135077141007
135077141011
135077141012
135077141010
135077141014
135077141015
135077141013
135077141017
135077141018
135077141016
135077141020
135077141021
135077141019
135077141023
135077141024
135077141022
135077141026
135077141027
135077141025
135077141029
135077141030
135077141028
135077141032
135077141033
135077141031
135077141035
135077141036
135077141034
135077141038
135077141039
135077141037
135077141041
135077141042
135077141040
135077141044
135077141045
135077141043
135077141047
135077141048
135077141046
135077141050
135077141051
135077141049
135077141053
135077141054
135077141052
135077141056
135077141057
135077141055
135077141059
135077141060
135077141058
135077141062
135077141063
135077141061
135077141065
135077141066
135077141064
135077141068
135077141069
135077141067
135077141071
135077141072
135077141070
135077141074
135077141075
135077141073
135077141077
135077141078
135077141076
135077141080
135077141081
135077141079
135077141083
135077141084
135077141082
135077141086
135077141087
135077141085
135077141089
135077141090
135077141088
135077141092
135077141093
135077141091
135077141095
135077141096
135077141094
135077141098
135077141099
135077141097
135077141101
135077141102
135077141100
135077141104
135077141105
135077141103
135077141107
135077141108
135077141106
135077141110
135077141111
135077141109
135077141113
135077141114
135077141112
135077141116
135077141117
135077141115
135077141119
135077141120
135077141118
135077141122
135077141123
135077141121
135077141125
135077141126
135077141124
135077141128
135077141129
135077141127
135077141131
135077141132
135077141130
135077141134
135077141135
135077141133
135077141137
135077141138
135077141136
135077141140
135077141141
135077141139
135077141143
135077141144
135077141142
135077141146
135077141147
135077141145
135077141149
135077141150
135077141148
135077141152
135077141153
135077141151
135077141155
135077141156
135077141154
135077141158
135077141159
135077141157
135077141161
135077141162
135077141160
135077141164
135077141165
135077141163
135077141167
135077141168
135077141166
135077141170
135077141171
135077141169
135077141173
135077141174
135077141172
135077141176
135077141177
135077141175
135077141179
135077141180
135077141178
135077141182
135077141183
135077141181
135077141185
135077141186
135077141184
135077141188
135077141189
135077141187
135077141191
135077141192
135077141190
135077141194
135077141195
135077141193
135077141197
135077141198
135077141196
135077141200
135077141201
135077141199
135077141203
135077141204
135077141202
135077141206
135077141207
135077141205
135077141209
135077141210
135077141208
135077141212
135077141213
135077141211
135077141215
135077141216
135077141214
135077141218
135077141219
135077141217
135077141221
135077141222
135077141220
135077141224
135077141225
135077141223
135077141227
135077141228
135077141226
135077141230
135077141231
135077141229
135077141233
135077141234
135077141232
135077141236
135077141237
135077141235
135077141239
135077141240
135077141238
135077141242
135077141243
135077141241
135077141245
135077141246
135077141244
135077141248
135077141249
135077141247
135077141251
135077141252
135077141250
135077141254
135077141255
135077141253
135077141257
135077141258
135077141256
135077141260
135077141261
135077141259
135077141263
135077141264
135077141262
135077141266
135077141267
135077141265
135077141269
135077141270
135077141268
135077141272
135077141273
135077141271
135077141275
135077141276
135077141274
135077141278
135077141279
135077141277
135077141281
135077141282
135077141280
135077141284
135077141285
135077141283
135077141287
135077141288
135077141286
135077141290
135077141291
135077141289
135077141293
135077141294
135077141292
135077141296
135077141297
135077141295
135077141299
135077141300
135077141298
135077141302
135077141303
135077141301
135077141305
135077141306
135077141304
135077141308
135077141309
135077141307
135077141311
135077141312
135077141310
135077141314
135077141315
135077141313
135077141317
135077141318
135077141316
135077141320
135077141321
135077141319
135077141323
135077141324
135077141322
135077141326
135077141327
135077141325
135077141329
135077141330
135077141328
135077141332
135077141333
135077141331
135077141335
135077141336
135077141334
135077141338
135077141339
135077141337
135077141341
135077141342
135077141340
135077141344
135077141345
135077141343
135077141347
135077141348
135077141346
135077141350
135077141349
135077141352
135077141353
135077141351
135077141355
135077141356
135077141354
135077141358
135077141359
135077141357
135077141361
135077141362
135077141360
135077141364
135077141365
135077141363
135077141367
135077141368
135077141366
135077141370
135077141371
135077141369
135077141373
135077141374
135077141372
135077141376
135077141377
135077141375
135077141379
135077141380
135077141378
135077141382
135077141383
135077141381
135077141385
135077141386
135077141384
135077141388
135077141389
135077141387
135077141391
135077141392
135077141390
135077141394
135077141395
135077141393
135077141397
135077141398
135077141396
135077141400
135077141401
135077141399
135077141403
135077141404
135077141402
135077141406
135077141407
135077141405
135077141409
135077141410
135077141408
135077141412
135077141413
135077141411
135077141415
135077141416
135077141414
135077141418
135077141419
135077141417
135077141421
135077141422
135077141420
135077141424
135077141425
135077141423
135077141427
135077141428
135077141426
135077141430
135077141431
135077141429
135077141433
135077141434
135077141432
135077141436
135077141437
135077141435
135077141439
135077141440
135077141438
135077141442
135077141443
135077141441
135077141445
135077141446
135077141444
135077141448
135077141449
135077141447
135077141451
135077141452
135077141450
135077141454
135077141455
135077141453
135077141457
135077141458
135077141456
135077141460
135077141461
135077141459
135077141463
135077141464
135077141462
135077141465
135077141467
135077141468
135077141466
135077141470
135077141471
135077141469
135077141473
135077141474
135077141472
135077141476
135077141477
135077141475
135077141479
135077141480
135077141478
135077141482
135077141483
135077141481
135077141485
135077141486
135077141484
135077141488
135077141489
135077141487
135077141491
135077141492
135077141490
135077141494
135077141495
135077141493
135077141497
135077141498
135077141496
135077141500
135077141501
135077141499
135077141503
135077141504
135077141502
135077141506
135077141507
135077141505
135077141509
135077141510
135077141508
135077141512
135077141513
135077141511
135077141515
135077141516
135077141514
135077141518
135077141519
135077141517
135077141521
135077141522
135077141520
135077141524
135077141525
135077141523
135077141527
135077141528
135077141526
135077141530
135077141531
135077141529
135077141533
135077141534
135077141532
135077141536
135077141537
135077141535
135077141539
135077141540
135077141538
135077141542
135077141543
135077141541
135077141545
135077141546
135077141544
135077141548
135077141549
135077141547
135077141551
135077141552
135077141550
135077141554
135077141555
135077141553
135077141557
135077141558
135077141556
135077141559
135077141561
135077141562
135077141560
135077141564
135077141565
135077141563
135077141567
135077141568
135077141566
135077141570
135077141571
135077141569
135077141573
135077141574
135077141572
135077141576
135077141577
135077141575
135077141579
135077141580
135077141578
135077141582
135077141583
135077141581
135077141585
135077141586
135077141584
135077141588
135077141589
135077141587
135077141591
135077141592
135077141590
135077141594
135077141593
135077141596
135077141597
135077141595
135077141599
135077141600
135077141598
135077141602
135077141603
135077141601
135077141605
135077141606
135077141604
135077141608
135077141609
135077141607
135077141611
135077141612
135077141610
135077141614
135077141615
135077141613
135077141617
135077141618
135077141616
135077141620
135077141621
135077141619
135077141623
135077141624
135077141622
135077141626
135077141627
135077141625
135077141629
135077141630
135077141628
135077141632
135077141633
135077141631
135077141635
135077141636
135077141634
135077141638
135077141639
135077141637
135077141641
135077141642
135077141640
135077141644
135077141645
135077141643
135077141647
135077141648
135077141646
135077141650
135077141651
135077141649
135077141653
135077141654
135077141652
135077141656
135077141657
135077141655
135077141659
135077141660
135077141658
135077141662
135077141663
135077141661
135077141665
135077141666
135077141664
135077141668
135077141669
135077141667
135077141671
135077141672
135077141670
135077141674
135077141675
135077141673
135077141677
135077141678
135077141676
135077141680
135077141681
135077141679
135077141683
135077141684
135077141682
135077141686
135077141687
135077141685
135077141689
135077141690
135077141688
135077141692
135077141693
135077141691
135077141695
135077141696
135077141694
135077141698
135077141699
135077141697
135077141701
135077141702
135077141700
135077141704
135077141705
135077141703
135077141707
135077141708
135077141706
135077141710
135077141711
135077141709
135077141713
135077141714
135077141712
135077141716
135077141717
135077141715
135077141719
135077141720
135077141718
135077141722
135077141723
135077141721
135077141725
135077141726
135077141724
135077141728
135077141729
135077141727
135077141731
135077141732
135077141730
135077141734
135077141735
135077141733
135077141737
135077141738
135077141736
135077141740
135077141741
135077141739
135077141743
135077141744
135077141742
135077141746
135077141747
135077141745
135077141749
135077141750
135077141748
135077141752
135077141753
135077141751
135077141755
135077141756
135077141754
135077141758
135077141759
135077141757
135077141761
135077141762
135077141760
135077141764
135077141765
135077141763
135077141767
135077141766
135077141769
135077141770
135077141768
135077141772
135077141773
135077141771
135077141775
135077141776
135077141774
135077141778
135077141779
135077141777
135077141781
135077141782
135077141780
135077141784
135077141785
135077141783
135077141787
135077141788
135077141786
135077141790
135077141791
135077141789
135077141793
135077141794
135077141792
135077141796
135077141797
135077141795
135077141799
135077141800
135077141798
135077141802
135077141803
135077141801
135077141805
135077141806
135077141804
135077141808
135077141809
135077141807
135077141811
135077141812
135077141810
135077141814
135077141815
135077141813
135077141817
135077141818
135077141816
135077141820
135077141821
135077141819
135077141823
135077141824
135077141822
135077141826
135077141827
135077141825
135077141829
135077141830
135077141828
135077141832
135077141833
135077141831
135077141835
135077141836
135077141834
135077141838
135077141839
135077141837
135077141841
135077141842
135077141840
135077141844
135077141845
135077141843
135077141847
135077141848
135077141846
135077141850
135077141851
135077141849
135077141853
135077141854
135077141852
135077141856
135077141857
135077141855
135077141859
135077141860
135077141858
135077141862
135077141863
135077141861
135077141865
135077141866
135077141864
135077141868
135077141869
135077141867
135077141871
135077141872
135077141870
135077141874
135077141875
135077141873
135077141877
135077141878
135077141876
135077141880
135077141881
135077141879
135077141883
135077141884
135077141882
135077141886
135077141887
135077141885
135077141889
135077141890
135077141888
135077141892
135077141893
135077141891
135077141895
135077141896
135077141894
135077141898
135077141899
135077141897
135077141901
135077141902
135077141900
135077141904
135077141905
135077141903
135077141907
135077141908
135077141906
135077141910
135077141911
135077141909
135077141913
135077141914
135077141912
135077141916
135077141917
135077141915
135077141919
135077141920
135077141918
135077141922
135077141923
135077141921
135077141925
135077141926
135077141924
135077141928
135077141929
135077141927
135077141931
135077141932
135077141930
135077141934
135077141935
135077141933
135077141937
135077141936
135077141939
135077141940
135077141938
135077141942
135077141943
135077141941
135077141945
135077141946
135077141944
135077141948
135077141949
135077141947
135077141951
135077141952
135077141950
135077141954
135077141955
135077141953
135077141957
135077141956
135077141959
135077141960
135077141958
135077141962
135077141961
135077141964
135077141965
135077141963
135077141967
135077141968
135077141966
135077141970
135077141971
135077141969
135077141973
135077141974
135077141972
135077141976
135077141977
135077141975
135077141979
135077141980
135077141978
135077141982
135077141983
135077141981
135077141985
135077141986
135077141984
135077141988
135077141989
135077141987
135077141991
135077141992
135077141990
135077141994
135077141995
135077141993
135077141997
135077141998
135077141996
135077142000
135077142001
135077141999
135077142003
135077142004
135077142002
135077142006
135077142007
135077142005
135077142009
135077142008
135077142011
135077142012
135077142010
135077142014
135077142015
135077142013
135077142020
135077142021
135077142019
135077142026
135077142027
135077142025
135077142031
135077142032
135077142030
135077142034
135077142035
135077142033
135077142037
135077142038
135077142036
135077142040
135077142041
135077142039
135077142043
135077142044
135077142042
135077142046
135077142045
135077142048
135077142049
135077142047
135077142051
135077142052
135077142050
135077142054
135077142055
135077142053
135077142057
135077142058
135077142056
135077142060
135077142061
135077142059
135077142063
135077142064
135077142062
135077142066
135077142067
135077142065
135077142069
135077142070
135077142068
135077142072
135077142073
135077142071
135077142075
135077142076
135077142074
135077142078
135077142079
135077142077
135077142081
135077142082
135077142080
135077142084
135077142085
135077142083
135077142087
135077142088
135077142086
135077142090
135077142091
135077142089
135077142093
135077142094
135077142092
135077142096
135077142097
135077142095
135077142099
135077142100
135077142098
135077142102
135077142103
135077142101
135077142105
135077142106
135077142104
135077142108
135077142109
135077142107
135077142111
135077142112
135077142110
135077142114
135077142115
135077142113
135077142117
135077142118
135077142116
135077142120
135077142121
135077142119
135077142123
135077142124
135077142122
135077142126
135077142127
135077142125
135077142129
135077142130
135077142128
135077142132
135077142133
135077142131
135077142135
135077142136
135077142134
135077142138
135077142139
135077142137
135077142141
135077142142
135077142140
135077142144
135077142145
135077142143
135077142147
135077142148
135077142146
135077142150
135077142151
135077142149
135077142153
135077142152
135077142155
135077142156
135077142154
135077142158
135077142159
135077142157
135077142161
135077142162
135077142160
135077142991
135077142992
135077142990
135077142994
135077142995
135077142993
135077142164
135077142165
135077142163
135077142167
135077142168
135077142166
135077142170
135077142171
135077142169
135077142173
135077142174
135077142172
135077142176
135077142177
135077142175
135077142179
135077142180
135077142178
135077142182
135077142183
135077142181
135077142185
135077142186
135077142184
135077142188
135077142189
135077142187
135077142191
135077142192
135077142190
135077142194
135077142195
135077142193
135077142197
135077142198
135077142196
135077142200
135077142201
135077142199
135077142203
135077142202
135077142205
135077142206
135077142204
135077142208
135077142209
135077142207
135077142211
135077142212
135077142210
135077142214
135077142215
135077142213
135077142217
135077142218
135077142216
135077142220
135077142221
135077142219
135077142223
135077142224
135077142222
135077142226
135077142227
135077142225
135077142229
135077142230
135077142228
135077142232
135077142233
135077142231
135077142235
135077142236
135077142234
135077142238
135077142239
135077142237
135077142241
135077142242
135077142240
135077142244
135077142243
135077142246
135077142247
135077142245
135077142249
135077142248
135077142251
135077142252
135077142250
135077142254
135077142255
135077142253
135077142257
135077142258
135077142256
135077142260
135077142261
135077142259
135077142263
135077142264
135077142262
135077142266
135077142267
135077142265
135077142269
135077142270
135077142268
135077142272
135077142273
135077142271
135077142275
135077142276
135077142274
135077142278
135077142279
135077142277
135077142281
135077142282
135077142280
135077142284
135077142285
135077142283
135077142287
135077142288
135077142286
135077142290
135077142291
135077142289
135077142293
135077142294
135077142292
135077142296
135077142297
135077142298
135077142295
135077142300
135077142301
135077142299
135077142303
135077142304
135077142302
135077142306
135077142307
135077142305
135077142309
135077142310
135077142308
135077142312
135077142313
135077142311
135077142315
135077142314
135077142317
135077142316
135077142319
135077142320
135077142318
135077142322
135077142321
135077142324
135077142325
135077142323
135077142327
135077142328
135077142326
135077142330
135077142331
135077142329
135077142333
135077142334
135077142332
135077142336
135077142337
135077142335
135077142339
135077142340
135077142338
135077142342
135077142343
135077142341
135077142346
135077142347
135077142345
135077142349
135077142350
135077142348
135077142352
135077142353
135077142351
135077142355
135077142356
135077142354
135077142358
135077142359
135077142357
135077142361
135077142362
135077142360
135077142364
135077142365
135077142363
135077142367
135077142368
135077142366
135077142370
135077142371
135077142369
135077142373
135077142374
135077142372
135077142376
135077142377
135077142375
135077142379
135077142380
135077142378
135077142382
135077142383
135077142381
135077142385
135077142386
135077142384
135077142388
135077142389
135077142387
135077142391
135077142392
135077142390
135077142394
135077142395
135077142393
135077142397
135077142398
135077142396
135077142399
135077142403
135077142404
135077142402
135077142406
135077142407
135077142405
135077142409
135077142410
135077142408
135077142412
135077142413
135077142411
135077142415
135077142416
135077142414
135077142418
135077142419
135077142417
135077142422
135077142423
135077142421
135077142425
135077142426
135077142424
135077142428
135077142429
135077142427
135077142431
135077142432
135077142430
135077142434
135077142435
135077142433
135077142437
135077142438
135077142436
135077142440
135077142441
135077142439
135077142443
135077142444
135077142442
135077142446
135077142447
135077142445
135077142452
135077142453
135077142451
135077142455
135077142456
135077142454
135077142458
135077142459
135077142457
135077142461
135077142462
135077142460
135077142464
135077142465
135077142463
135077142467
135077142468
135077142466
135077142470
135077142471
135077142469
135077142473
135077142474
135077142472
135077142476
135077142477
135077142475
135077142479
135077142480
135077142478
135077142482
135077142483
135077142481
135077142485
135077142486
135077142484
135077142488
135077142489
135077142487
135077142491
135077142492
135077142490
135077142494
135077142495
135077142493
135077142497
135077142498
135077142496
135077142500
135077142501
135077142499
135077142503
135077142504
135077142502
135077142506
135077142507
135077142505
135077142509
135077142510
135077142508
135077142512
135077142513
135077142511
135077142515
135077142516
135077142514
135077142518
135077142519
135077142517
135077142521
135077142522
135077142520
135077142524
135077142525
135077142523
135077142527
135077142526
135077142529
135077142530
135077142528
135077142532
135077142533
135077142531
135077142535
135077142536
135077142534
135077142538
135077142539
135077142537
135077142541
135077142542
135077142540
135077142544
135077142545
135077142543
135077142547
135077142548
135077142546
135077142550
135077142551
135077142549
135077142553
135077142554
135077142552
135077142556
135077142555
135077142558
135077142559
135077142557
135077142561
135077142562
135077142560
135077142564
135077142565
135077142563
135077142566
135077142570
135077142571
135077142569
135077142573
135077142574
135077142572
135077142576
135077142577
135077142575
135077142579
135077142580
135077142578
135077142582
135077142581
135077142584
135077142585
135077142583
135077142587
135077142588
135077142586
135077142590
135077142591
135077142589
135077142593
135077142594
135077142592
135077142596
135077142597
135077142595
135077142599
135077142600
135077142598
135077142602
135077142603
135077142601
135077142605
135077142606
135077142604
135077142608
135077142609
135077142607
135077142611
135077142612
135077142610
135077142614
135077142613
135077142616
135077142617
135077142615
135077142619
135077142620
135077142618
135077142622
135077142623
135077142621
135077142625
135077142626
135077142624
135077142628
135077142629
135077142627
135077142631
135077142632
135077142630
135077142634
135077142635
135077142633
135077142637
135077142638
135077142636
135077142640
135077142641
135077142639
135077142643
135077142644
135077142642
135077142649
135077142650
135077142648
135077142652
135077142653
135077142651
135077142655
135077142656
135077142654
135077142658
135077142659
135077142657
135077142661
135077142662
135077142660
135077142664
135077142665
135077142663
135077142667
135077142668
135077142666
135077142670
135077142671
135077142669
135077142673
135077142674
135077142672
135077142676
135077142675
135077142678
135077142679
135077142677
135077142681
135077142682
135077142680
135077142684
135077142685
135077142683
135077142687
135077142688
135077142686
135077142690
135077142691
135077142689
135077142693
135077142694
135077142692
135077142696
135077142697
135077142695
135077142699
135077142700
135077142698
135077142702
135077142703
135077142701
135077142705
135077142706
135077142704
135077142708
135077142709
135077142707
135077142711
135077142712
135077142710
135077142714
135077142715
135077142713
135077142717
135077142718
135077142716
135077142720
135077142721
135077142719
135077142723
135077142724
135077142722
135077142726
135077142727
135077142725
135077142729
135077142730
135077142728
135077142732
135077142733
135077142731
135077142735
135077142736
135077142734
135077142738
135077142739
135077142737
135077142741
135077142742
135077142740
135077142744
135077142745
135077142743
135077142747
135077142748
135077142746
135077142750
135077142751
135077142749
135077142753
135077142754
135077142752
135077142756
135077142757
135077142755
135077142759
135077142760
135077142758
135077142762
135077142763
135077142761
135077142765
135077142766
135077142764
135077142768
135077142769
135077142767
135077142771
135077142772
135077142770
135077142774
135077142773
135077142776
135077142777
135077142775
135077142779
135077142780
135077142778
135077142782
135077142783
135077142781
135077142785
135077142786
135077142784
135077142788
135077142789
135077142787
135077142791
135077142792
135077142790
135077142794
135077142795
135077142793
135077142797
135077142798
135077142796
135077142800
135077142801
135077142799
135077142803
135077142804
135077142802
135077142806
135077142807
135077142805
135077142809
135077142810
135077142808
135077142812
135077142813
135077142811
135077142815
135077142816
135077142814
135077142818
135077142819
135077142817
135077142821
135077142822
135077142820
135077142824
135077142825
135077142823
135077142827
135077142828
135077142826
135077142830
135077142831
135077142829
135077142833
135077142834
135077142832
135077142836
135077142837
135077142835
135077142839
135077142840
135077142838
135077142843
135077142844
135077142842
135077142846
135077142847
135077142845
135077142849
135077142850
135077142848
135077142852
135077142853
135077142851
135077142855
135077142856
135077142854
135077142858
135077142859
135077142857
135077142861
135077142862
135077142860
135077142864
135077142865
135077142863
135077142867
135077142868
135077142866
135077142870
135077142871
135077142869
135077142873
135077142874
135077142872
135077142876
135077142877
135077142875
135077142879
135077142880
135077142878
135077142882
135077142883
135077142881
135077142885
135077142886
135077142884
135077142888
135077142889
135077142887
135077142891
135077142892
135077142890
135077142894
135077142895
135077142893
135077142897
135077142898
135077142896
135077142900
135077142901
135077142899
135077142903
135077142904
135077142902
135077142906
135077142907
135077142905
135077142909
135077142910
135077142908
135077142912
135077142913
135077142911
135077142915
135077142916
135077142914
135077142918
135077142919
135077142917
135077142922
135077142923
135077142921
135077142925
135077142926
135077142924
135077142928
135077142929
135077142927
135077142931
135077142932
135077142930
135077142934
135077142935
135077142933
135077142937
135077142938
135077142936
135077142940
135077142941
135077142939
135077142943
135077142944
135077142942
135077142946
135077142947
135077142945
135077142949
135077142950
135077142948
135077142952
135077142953
135077142951
135077142955
135077142956
135077142954
135077142958
135077142959
135077142957
135077142961
135077142962
135077142960
135077142964
135077142965
135077142963
135077142967
135077142968
135077142966
135077142970
135077142971
135077142969
135077142973
135077142974
135077142972
135077142976
135077142977
135077142975
135077142979
135077142980
135077142978
135077142982
135077142983
135077142981
135077142985
135077142986
135077142984
135077142988
135077142989
135077142987
135077142997
135077142998
135077142996
135077143000
135077143001
135077142999
135077143006
135077143007
135077143005
135077143010
135077143017
135077143018
135077143016
135077143020
135077143021
135077143019
135077143023
135077143024
135077143022
135077143026
135077143027
135077143025
135077143029
135077143030
135077143028
135077143032
135077143033
135077143031
135077143035
135077143036
135077143034
135077143038
135077143039
135077143037
135077143041
135077143042
135077143040
135077143044
135077143045
135077143043
135077143047
135077143048
135077143046
135077143050
135077143051
135077143049
135077143053
135077143054
135077143052
135077143056
135077143057
135077143055
135077143059
135077143060
135077143058
135077143062
135077143063
135077143061
135077143065
135077143064
135077143067
135077143068
135077143066
135077143070
135077143071
135077143069
135077143073
135077143074
135077143072
135077143076
135077143077
135077143075
135077143079
135077143080
135077143078
135077143082
135077143083
135077143081
135077143086
135077143087
135077143085
135077143090
135077143091
135077143089
135077143093
135077143094
135077143092
135077143096
135077143097
135077143095
135077143099
135077143100
135077143098
135077143102
135077143103
135077143101
135077143105
135077143106
135077143104
135077143108
135077143109
135077143107
135077143111
135077143112
135077143110
135077143114
135077143115
135077143113
135077143117
135077143118
135077143116
135077143120
135077143121
135077143119
135077144341
135077144342
135077144340
135077144344
135077144345
135077144343
135077144347
135077144348
135077144346
135077144350
135077144351
135077144349
135077144353
135077144354
135077144352
135077144356
135077144357
135077144355
135077144359
135077144360
135077144358
135077144362
135077144363
135077144361
135077144365
135077144366
135077144364
135077144368
135077144369
135077144367
135077144371
135077144372
135077144370
135077144374
135077144375
135077144373
135077144377
135077144378
135077144376
135077144383
135077144384
135077144382
135077144386
135077144385
135077144388
135077144389
135077144387
135077144391
135077144392
135077144390
135077144394
135077144395
135077144393
135077144397
135077144398
135077144396
135077144400
135077144401
135077144399
135077144403
135077144404
135077144402
135077144409
135077144410
135077144408
135077144412
135077144413
135077144411
135077144415
135077144416
135077144414
135077144418
135077144419
135077144417
135077144421
135077144422
135077144420
135077144424
135077144425
135077144423
135077144427
135077144428
135077144426
135077144430
135077144431
135077144429
135077144433
135077144434
135077144432
135077144436
135077144437
135077144435
135077144439
135077144440
135077144438
135077145161
135077145162
135077145160
135077148447
135077148448
135077148446
135077148450
135077148451
135077148449
135077148453
135077148454
135077148452
135077148456
135077148457
135077148455
135077148459
135077148460
135077148458
135077148462
135077148463
135077148461
135077148465
135077148466
135077148464
135077148468
135077148469
135077148467
135077148471
135077148472
135077148470
135077148474
135077148475
135077148473
135077148477
135077148478
135077148476
135077148480
135077148481
135077148479
135077148483
135077148484
135077148482
135077148486
135077148487
135077148485
135077148489
135077148490
135077148488
135077148492
135077148493
135077148491
135077148495
135077148496
135077148494
135077148501
135077148502
135077148500
135077148504
135077148505
135077148503
135077148507
135077148508
135077148506
135077148510
135077148511
135077148509
135077148513
135077148514
135077148512
135077148516
135077148517
135077148515
135077148519
135077148520
135077148518
135077148522
135077148523
135077148521
135077148525
135077148526
135077148524
135077148528
135077148529
135077148527
135077148531
135077148532
135077148530
135077148534
135077148535
135077148533
135077148537
135077148538
135077148536
135077148540
135077148541
135077148539
135077148543
135077148544
135077148542
135077148546
135077148547
135077148545
135077148549
135077148550
135077148548
135077148552
135077148553
135077148551
135077148558
135077148559
135077148557
135077148561
135077148562
135077148560
135077148564
135077148565
135077148563
135077166862
135077166863
135077166861
135077166868
135077166869
135077166867
135077166871
135077166872
135077166870
135077166874
135077166875
135077166873
135077166877
135077166878
135077166876
135077166880
135077166881
135077166879
135077166883
135077166884
135077166882
135077166886
135077166887
135077166885
135077166892
135077166893
135077166891
135077166895
135077166896
135077166894
135077166898
135077166899
135077166897
135077166901
135077166902
135077166900
135077166904
135077166905
135077166903
135077166907
135077166908
135077166906
135077166910
135077166911
135077166909
135077166913
135077166914
135077166912
135077166916
135077166917
135077166915
135077166919
135077166920
135077166918
135077166922
135077166923
135077166921
135077166925
135077166926
135077166924
135077166928
135077166929
135077166927
135077166931
135077166932
135077166930
135077166934
135077166935
135077166933
135077166937
135077166938
135077166936
135077166940
135077166941
135077166939
135077166943
135077166944
135077166942
135077166946
135077166947
135077166945
135077166949
135077166950
135077166948
135077166952
135077166953
135077166951
135077166955
135077166956
135077166954
135077166958
135077166959
135077166957
135077166961
135077166962
135077166960
135077166964
135077166965
135077166963
135077166967
135077166968
135077166966
135077166970
135077166971
135077166969
135077166973
135077166974
135077166972
135077166976
135077166977
135077166975
135077166979
135077166980
135077166978
135077166982
135077166983
135077166981
135077166985
135077166986
135077166984
135077166988
135077166989
135077166987
135077166991
135077166992
135077166990
135077166994
135077166995
135077166993
135077166996
135077166998
135077166999
135077166997
135077167001
135077167002
135077167000
135077167004
135077167005
135077167003
135077167007
135077167008
135077167006
135077167010
135077167011
135077167009
135077167013
135077167014
135077167012
135077167016
135077167017
135077167015
135077167019
135077167020
135077167018
135077167022
135077167023
135077167021
135077167025
135077167026
135077167024
135077167028
135077167029
135077167027
135077167031
135077167032
135077167030
135077167034
135077167035
135077167033
135077167037
135077167038
135077167036
135077167040
135077167041
135077167039
135077167043
135077167044
135077167042
135077167046
135077167047
135077167045
135077167049
135077167050
135077167048
135077167055
135077167056
135077167054
135077167058
135077167059
135077167057
135077167061
135077167062
135077167060
135077167064
135077167065
135077167063
135077167067
135077167068
135077167066
135077167070
135077167071
135077167069
135077167073
135077167074
135077167072
135077167076
135077167077
135077167075
135077167079
135077167080
135077167078
135077167081
135077167083
135077167084
135077167082
135077167086
135077167087
135077167085
135077167089
135077167090
135077167088
135077167095
135077167096
135077167094
135077167098
135077167099
135077167097
135077167101
135077167102
135077167100
135077167104
135077167105
135077167103
135077167107
135077167108
135077167106
135077167110
135077167111
135077167109
135077167113
135077167114
135077167112
135077167115
135077167117
135077167118
135077167116
135077167120
135077167121
135077167119
135077167123
135077167124
135077167122
135077167126
135077167127
135077167125
135077167129
135077167130
135077167128
135077167132
135077167133
135077167131
135077167135
135077167136
135077167134
135077167138
135077167139
135077167137
135077167141
135077167142
135077167140
135077167144
135077167145
135077167143
135077167147
135077167148
135077167146
135077167150
135077167151
135077167149
135077167153
135077167154
135077167152
135077167156
135077167157
135077167155
135077167159
135077167160
135077167158
135077167162
135077167163
135077167161
135077167165
135077167166
135077167164
135077167168
135077167169
135077167167
135077167171
135077167172
135077167170
135077167174
135077167175
135077167173
135077167177
135077167178
135077167176
135077167180
135077167181
135077167179
135077167183
135077167184
135077167182
135077167186
135077167187
135077167185
135077167189
135077167190
135077167188
135077167195
135077167196
135077167194
135077167198
135077167199
135077167197
135077167201
135077167202
135077167200
135077167204
135077167205
135077167203
135077167207
135077167208
135077167206
135077167210
135077167211
135077167209
135077167213
135077167214
135077167212
135077167216
135077167217
135077167215
135077167219
135077167220
135077167218
135077167222
135077167223
135077167221
135077167225
135077167226
135077167224
135077167228
135077167229
135077167227
135077167231
135077167232
135077167230
135077167234
135077167235
135077167233
135077167237
135077167238
135077167236
135077167240
135077167241
135077167239
135077167243
135077167244
135077167242
135077167246
135077167247
135077167245
135077167249
135077167250
135077167248
135077167252
135077167253
135077167251
135077167255
135077167256
135077167254
135077167258
135077167259
135077167257
135077167261
135077167262
135077167260
135077167264
135077167265
135077167263
135077167267
135077167268
135077167266
135077167270
135077167271
135077167269
135077167273
135077167274
135077167272
135077167276
135077167277
135077167275
135077167279
135077167280
135077167278
135077167282
135077167283
135077167281
135077167285
135077167286
135077167284
135077167288
135077167289
135077167287
135077167291
135077167292
135077167290
135077167294
135077167295
135077167293
135077167297
135077167298
135077167296
135077167300
135077167301
135077167299
135077167303
135077167304
135077167302
135077167306
135077167307
135077167305
135077167309
135077167310
135077167308
135077167312
135077167313
135077167311
135077167315
135077167316
135077167314
135077167318
135077167319
135077167317
135077167321
135077167322
135077167320
135077167324
135077167325
135077167323
135077167327
135077167328
135077167326
135077167330
135077167331
135077167329
135077167333
135077167334
135077167332
135077167336
135077167337
135077167335
135077167339
135077167340
135077167338
135077167342
135077167343
135077167341
135077167345
135077167346
135077167344
135077167348
135077167349
135077167347
135077167351
135077167352
135077167350
135077167354
135077167355
135077167353
135077167357
135077167358
135077167356
135077167360
135077167361
135077167359
135077167363
135077167364
135077167362
135077167366
135077167367
135077167365
135077167369
135077167370
135077167368
135077167372
135077167373
135077167371
135077167375
135077167376
135077167374
135077167378
135077167379
135077167377
135077167381
135077167382
135077167380
135077167384
135077167385
135077167383
135077167387
135077167388
135077167386
135077167390
135077167391
135077167389
135077167393
135077167394
135077167392
135077167396
135077167397
135077167395
135077167399
135077167400
135077167398
135077167402
135077167403
135077167401
135077167405
135077167406
135077167404
135077167408
135077167409
135077167407
135077167411
135077167412
135077167410
135077167414
135077167415
135077167413
135077167417
135077167416
135077167419
135077167420
135077167418
135077167422
135077167423
135077167421
135077167425
135077167426
135077167424
135077167428
135077167429
135077167427
135077167431
135077167432
135077167430
135077167434
135077167435
135077167433
135077167437
135077167438
135077167436
135077167440
135077167441
135077167439
135077167443
135077167444
135077167442
135077167446
135077167447
135077167445
100260117416
100260117417
100260117418
100260117415
100260117506
100260117507
100260117508
100260117505
100260117525
100260117526
100260117527
100260117524
100260118013
100260118014
100260118012
100260118019
100260118020
100260118021
100260118018
100260118026
100260118027
100260118028
100260118025
100260118042
100260118043
100260118044
100260118041
100260118131
100260118132
100260118133
100260118130
100260118175
100260118176
100260118177
100260118174
100260118706
100260118707
100260118708
100260118705
100260118776
100260118777
100260118778
100260118775
100260118780
100260118781
100260118782
100260118779
100260118784
100260118785
100260118786
100260118783
100260118788
100260118789
100260118790
100260118787
100260118792
100260118793
100260118794
100260118791
100260118796
100260118797
100260118798
100260118795
100260118800
100260118801
100260118802
100260118799
100260118804
100260118805
100260118806
100260118803
100260118808
100260118809
100260118810
100260118807
100260118812
100260118813
100260118814
100260118811
100260118816
100260118817
100260118818
100260118815
100260118820
100260118821
100260118822
100260118819
100260118824
100260118825
100260118826
100260118823
100260118828
100260118829
100260118830
100260118827
100260118832
100260118833
100260118834
100260118831
100260118836
100260118837
100260118838
100260118835
100260118840
100260118841
100260118842
100260118839
100260118844
100260118845
100260118846
100260118843
100260118848
100260118849
100260118850
100260118847
100260118852
100260118853
100260118854
100260118851
100260118856
100260118857
100260118858
100260118855
100260118860
100260118861
100260118862
100260118859
100260118864
100260118865
100260118866
100260118863
100260118868
100260118869
100260118870
100260118867
100260118872
100260118873
100260118874
100260118871
100260118876
100260118877
100260118878
100260118875
100260118880
100260118881
100260118882
100260118879
100260118884
100260118885
100260118886
100260118883
100260118888
100260118889
100260118890
100260118887
100260118892
100260118893
100260118894
100260118891
100260118896
100260118897
100260118898
100260118895
100260118900
100260118901
100260118902
100260118899
100260118904
100260118905
100260118906
100260118903
100260118908
100260118909
100260118910
100260118907
100260118912
100260118913
100260118914
100260118911
100260118916
100260118917
100260118918
100260118915
100260118920
100260118921
100260118922
100260118919
100260118924
100260118925
100260118926
100260118923
100260118928
100260118929
100260118930
100260118927
100260118932
100260118933
100260118934
100260118931
100260118936
100260118937
100260118938
100260118935
100260118940
100260118941
100260118942
100260118939
100260118944
100260118945
100260118946
100260118943
100260118948
100260118949
100260118950
100260118947
100260118952
100260118953
100260118954
100260118951
100260118956
100260118957
100260118958
100260118955
100260118960
100260118961
100260118962
100260118959
100260118964
100260118965
100260118966
100260118963
100260118968
100260118969
100260118970
100260118967
100260118972
100260118973
100260118974
100260118971
100260118976
100260118977
100260118978
100260118975
100260118980
100260118981
100260118982
100260118979
100260118984
100260118985
100260118986
100260118983
100260118988
100260118989
100260118990
100260118987
100260118992
100260118993
100260118994
100260118991
100260118996
100260118997
100260118998
100260118995
100260119000
100260119001
100260119002
100260118999
100260119004
100260119005
100260119006
100260119003
100260119008
100260119009
100260119010
100260119007
100260119012
100260119013
100260119014
100260119011
100260119016
100260119017
100260119018
100260119015
100260119020
100260119021
100260119022
100260119019
100260119024
100260119025
100260119026
100260119023
100260119028
100260119029
100260119030
100260119027
100260119032
100260119033
100260119034
100260119031
100260119036
100260119037
100260119038
100260119035
100260119040
100260119041
100260119042
100260119039
100260119044
100260119045
100260119046
100260119043
100260119048
100260119049
100260119050
100260119047
100260119052
100260119053
100260119054
100260119051
100260119056
100260119057
100260119058
100260119055
100260119060
100260119061
100260119062
100260119059
100260119064
100260119065
100260119066
100260119063
100260119068
100260119069
100260119070
100260119067
100260119072
100260119073
100260119074
100260119071
100260119076
100260119077
100260119078
100260119075
100260119080
100260119081
100260119082
100260119079
100260119084
100260119085
100260119086
100260119083
100260119088
100260119089
100260119090
100260119087
100260119092
100260119093
100260119094
100260119091
100260119096
100260119097
100260119098
100260119095
100260119100
100260119101
100260119102
100260119099
100260119104
100260119105
100260119106
100260119103
100260119108
100260119109
100260119110
100260119107
100260119112
100260119113
100260119114
100260119111
100260119116
100260119117
100260119118
100260119115
100260119120
100260119121
100260119122
100260119119
100260119124
100260119125
100260119126
100260119123
100260119128
100260119129
100260119130
100260119127
100260119132
100260119133
100260119134
100260119131
100260119136
100260119137
100260119138
100260119135
100260119140
100260119141
100260119142
100260119139
100260119144
100260119145
100260119146
100260119143
100260119148
100260119149
100260119150
100260119147
100260119152
100260119153
100260119154
100260119151
100260119156
100260119157
100260119158
100260119155
100260119160
100260119161
100260119162
100260119159
100260119164
100260119165
100260119166
100260119163
100260119168
100260119169
100260119170
100260119167
100260119172
100260119173
100260119174
100260119171
100260119176
100260119177
100260119178
100260119175
100260119180
100260119181
100260119182
100260119179
100260119184
100260119185
100260119186
100260119183
100260119188
100260119189
100260119190
100260119187
100260119192
100260119193
100260119194
100260119191
100260119196
100260119197
100260119198
100260119195
100260119200
100260119201
100260119202
100260119199
100260119204
100260119205
100260119206
100260119203
100260119208
100260119209
100260119210
100260119207
100260119212
100260119213
100260119214
100260119211
100260119216
100260119217
100260119218
100260119215
100260119220
100260119221
100260119222
100260119219
100260119224
100260119225
100260119226
100260119223
100260119228
100260119229
100260119230
100260119227
100260119232
100260119233
100260119234
100260119231
100260119236
100260119237
100260119238
100260119235
100260119240
100260119241
100260119242
100260119239
100260119244
100260119245
100260119246
100260119243
100260119248
100260119249
100260119250
100260119247
100260119252
100260119253
100260119254
100260119251
100260119256
100260119257
100260119258
100260119255
100260119260
100260119261
100260119262
100260119259
100260119264
100260119265
100260119266
100260119263
100260119268
100260119269
100260119270
100260119267
100260119272
100260119273
100260119274
100260119271
100260119276
100260119277
100260119278
100260119275
100260119280
100260119281
100260119282
100260119279
100260119284
100260119285
100260119286
100260119283
100260119288
100260119289
100260119290
100260119287
100260119292
100260119293
100260119294
100260119291
100260119296
100260119297
100260119298
100260119295
100260119300
100260119301
100260119302
100260119299
100260119304
100260119305
100260119306
100260119303
100260119308
100260119309
100260119310
100260119307
100260119312
100260119313
100260119314
100260119311
100260119316
100260119317
100260119318
100260119315
100260119320
100260119321
100260119322
100260119319
100260119324
100260119325
100260119326
100260119323
100260119328
100260119329
100260119330
100260119327
100260119332
100260119333
100260119334
100260119331
100260119336
100260119337
100260119338
100260119335
100260119340
100260119341
100260119342
100260119339
100260119344
100260119345
100260119346
100260119343
100260119348
100260119349
100260119350
100260119347
100260119352
100260119353
100260119354
100260119351
100260119356
100260119357
100260119358
100260119355
100260119360
100260119361
100260119362
100260119359
100260119364
100260119365
100260119366
100260119363
100260119368
100260119369
100260119370
100260119367
100260119372
100260119373
100260119374
100260119371
100260119376
100260119377
100260119378
100260119375
100260119380
100260119381
100260119382
100260119379
100260119384
100260119385
100260119386
100260119383
100260119388
100260119389
100260119390
100260119387
100260119392
100260119393
100260119394
100260119391
100260119396
100260119397
100260119398
100260119395
100260119400
100260119401
100260119402
100260119399
100260119404
100260119405
100260119406
100260119403
100260119408
100260119409
100260119410
100260119407
100260119412
100260119413
100260119414
100260119411
100260119416
100260119417
100260119418
100260119415
100260119420
100260119421
100260119422
100260119419
100260119424
100260119425
100260119426
100260119423
100260119428
100260119429
100260119430
100260119427
100260119432
100260119433
100260119434
100260119431
100260119436
100260119437
100260119438
100260119435
100260119440
100260119441
100260119442
100260119439
100260119444
100260119445
100260119446
100260119443
100260119448
100260119449
100260119450
100260119447
100260119452
100260119453
100260119454
100260119451
100260119456
100260119457
100260119458
100260119455
100260119460
100260119461
100260119462
100260119459
100260119464
100260119465
100260119466
100260119463
100260119468
100260119469
100260119470
100260119467
100260119472
100260119473
100260119474
100260119471
100260119476
100260119477
100260119478
100260119475
100260119480
100260119481
100260119482
100260119479
100260119484
100260119485
100260119486
100260119483
100260119488
100260119489
100260119490
100260119487
100260119492
100260119493
100260119494
100260119491
100260119496
100260119497
100260119498
100260119495
100260119500
100260119501
100260119502
100260119499
100260119504
100260119505
100260119506
100260119503
100260119508
100260119509
100260119510
100260119507
100260119512
100260119513
100260119514
100260119511
100260119516
100260119517
100260119518
100260119515
100260119520
100260119521
100260119522
100260119519
100260119524
100260119525
100260119526
100260119523
100260119528
100260119529
100260119530
100260119527
100260119532
100260119533
100260119534
100260119531
100260119536
100260119537
100260119538
100260119535
100260119540
100260119541
100260119542
100260119539
100260119544
100260119545
100260119546
100260119543
100260119548
100260119549
100260119550
100260119547
100260119552
100260119553
100260119554
100260119551
100260119556
100260119557
100260119558
100260119555
100260119560
100260119561
100260119562
100260119559
100260119564
100260119565
100260119566
100260119563
100260119568
100260119569
100260119570
100260119567
100260119572
100260119573
100260119574
100260119571
100260119576
100260119577
100260119578
100260119575
100260119580
100260119581
100260119582
100260119579
100260119584
100260119585
100260119586
100260119583
100260119588
100260119589
100260119590
100260119587
100260119592
100260119593
100260119594
100260119591
100260119596
100260119597
100260119598
100260119595
100260119600
100260119601
100260119599
100260119603
100260119604
100260119605
100260119602
100260119607
100260119608
100260119609
100260119606
100260119611
100260119612
100260119613
100260119610
100260119615
100260119616
100260119617
100260119614
100260119619
100260119620
100260119621
100260119618
100260119623
100260119624
100260119625
100260119622
100260119627
100260119628
100260119629
100260119626
100260119631
100260119632
100260119633
100260119630
100260119635
100260119636
100260119637
100260119634
100260119639
100260119640
100260119641
100260119638
100260119643
100260119644
100260119645
100260119642
100260119647
100260119648
100260119649
100260119646
100260119651
100260119652
100260119653
100260119650
100260119655
100260119656
100260119657
100260119654
100260119659
100260119660
100260119661
100260119658
100260119663
100260119664
100260119665
100260119662
100260119667
100260119668
100260119669
100260119666
100260119671
100260119672
100260119673
100260119670
100260119675
100260119676
100260119677
100260119674
100260119679
100260119680
100260119681
100260119678
100260119683
100260119684
100260119685
100260119682
100260119687
100260119688
100260119689
100260119686
100260119691
100260119692
100260119693
100260119690
100260119695
100260119696
100260119697
100260119694
100260119699
100260119700
100260119701
100260119698
100260119703
100260119704
100260119705
100260119702
100260119707
100260119708
100260119709
100260119706
100260119711
100260119712
100260119713
100260119710
100260119715
100260119716
100260119717
100260119714
100260119719
100260119720
100260119721
100260119718
100260119723
100260119724
100260119725
100260119722
100260119727
100260119728
100260119729
100260119726
100260119731
100260119732
100260119733
100260119730
100260119735
100260119736
100260119737
100260119734
100260119739
100260119740
100260119741
100260119738
100260119743
100260119744
100260119745
100260119742
100260119747
100260119748
100260119749
100260119746
100260119751
100260119752
100260119753
100260119750
100260119755
100260119756
100260119757
100260119754
100260119759
100260119760
100260119761
100260119758
100260119763
100260119764
100260119765
100260119762
100260119767
100260119768
100260119769
100260119766
100260119771
100260119772
100260119773
100260119770
100260119775
100260119776
100260119777
100260119774
100260119779
100260119780
100260119781
100260119778
100260119783
100260119784
100260119785
100260119782
100260119787
100260119788
100260119789
100260119786
100260119791
100260119792
100260119793
100260119790
100260119795
100260119796
100260119797
100260119794
100260119799
100260119800
100260119801
100260119798
100260119803
100260119804
100260119805
100260119802
100260119807
100260119808
100260119809
100260119806
100260119811
100260119812
100260119813
100260119810
100260119815
100260119816
100260119817
100260119814
100260119819
100260119820
100260119821
100260119818
100260119823
100260119824
100260119825
100260119822
100260119827
100260119828
100260119829
100260119826
100260119831
100260119832
100260119833
100260119830
100260119835
100260119836
100260119837
100260119834
100260119839
100260119840
100260119841
100260119838
100260119843
100260119844
100260119845
100260119842
100260119847
100260119848
100260119849
100260119846
100260119851
100260119852
100260119853
100260119850
100260119855
100260119856
100260119857
100260119854
100260119859
100260119860
100260119861
100260119858
100260119863
100260119864
100260119865
100260119862
100260119867
100260119868
100260119869
100260119866
100260119871
100260119872
100260119873
100260119870
100260119875
100260119876
100260119877
100260119874
100260119879
100260119880
100260119881
100260119878
100260119883
100260119884
100260119885
100260119882
100260119887
100260119888
100260119889
100260119886
100260119891
100260119892
100260119893
100260119890
100260119895
100260119896
100260119897
100260119894
100260119899
100260119900
100260119901
100260119898
100260119903
100260119904
100260119905
100260119902
100260119907
100260119908
100260119909
100260119906
100260119911
100260119912
100260119913
100260119910
100260119915
100260119916
100260119917
100260119914
100260119919
100260119920
100260119921
100260119918
100260119923
100260119924
100260119925
100260119922
100260119927
100260119928
100260119929
100260119926
100260119931
100260119932
100260119930
100260119934
100260119935
100260119936
100260119933
100260119938
100260119939
100260119940
100260119937
100260119942
100260119943
100260119944
100260119941
100260119946
100260119947
100260119948
100260119945
100260119950
100260119951
100260119952
100260119949
100260119954
100260119955
100260119956
100260119953
100260119958
100260119959
100260119960
100260119957
100260119962
100260119963
100260119964
100260119961
100260119966
100260119967
100260119968
100260119965
100260119970
100260119971
100260119972
100260119969
100260119974
100260119975
100260119976
100260119973
100260119978
100260119979
100260119980
100260119977
100260119982
100260119983
100260119984
100260119981
100260119986
100260119987
100260119988
100260119985
100260119990
100260119991
100260119992
100260119989
100260119994
100260119995
100260119996
100260119993
100260119998
100260119999
100260120000
100260119997
100260120002
100260120003
100260120004
100260120001
100260120006
100260120007
100260120008
100260120005
100260120010
100260120011
100260120012
100260120009
100260120014
100260120015
100260120016
100260120013
100260120018
100260120019
100260120020
100260120017
100260120022
100260120023
100260120024
100260120021
100260120026
100260120027
100260120028
100260120025
100260120030
100260120031
100260120032
100260120029
100260120034
100260120035
100260120036
100260120033
100260120038
100260120039
100260120040
100260120037
100260120042
100260120043
100260120044
100260120041
100260120046
100260120047
100260120048
100260120045
100260120050
100260120051
100260120052
100260120049
100260120054
100260120055
100260120056
100260120053
100260120058
100260120059
100260120060
100260120057
100260120062
100260120063
100260120064
100260120061
100260120066
100260120067
100260120068
100260120065
100260120070
100260120071
100260120072
100260120069
100260120074
100260120075
100260120076
100260120073
100260120078
100260120079
100260120080
100260120077
100260120082
100260120083
100260120084
100260120081
100260120086
100260120087
100260120088
100260120085
100260120090
100260120091
100260120092
100260120089
100260120094
100260120095
100260120096
100260120093
100260120098
100260120099
100260120100
100260120097
100260120102
100260120103
100260120104
100260120101
100260120106
100260120107
100260120108
100260120105
100260120110
100260120111
100260120112
100260120109
100260120114
100260120115
100260120116
100260120113
100260120118
100260120119
100260120120
100260120117
100260120122
100260120123
100260120124
100260120121
100260120126
100260120127
100260120128
100260120125
100260120130
100260120131
100260120132
100260120129
100260120134
100260120135
100260120136
100260120133
100260120138
100260120139
100260120140
100260120137
100260120142
100260120143
100260120144
100260120141
100260120146
100260120147
100260120148
100260120145
100260120150
100260120151
100260120152
100260120149
100260120154
100260120155
100260120156
100260120153
100260120158
100260120159
100260120160
100260120157
100260120162
100260120163
100260120161
100260120165
100260120166
100260120167
100260120164
100260120169
100260120170
100260120171
100260120168
100260120173
100260120174
100260120175
100260120172
100260120177
100260120178
100260120179
100260120176
100260120181
100260120182
100260120183
100260120180
100260120185
100260120186
100260120187
100260120184
100260120189
100260120190
100260120191
100260120188
100260120193
100260120194
100260120195
100260120192
100260120197
100260120198
100260120199
100260120196
100260120201
100260120202
100260120203
100260120200
100260120205
100260120206
100260120207
100260120204
100260120209
100260120210
100260120211
100260120208
100260120213
100260120214
100260120215
100260120212
100260120217
100260120218
100260120219
100260120216
100260120221
100260120222
100260120223
100260120220
100260120225
100260120226
100260120227
100260120224
100260120229
100260120230
100260120231
100260120228
100260120233
100260120234
100260120235
100260120232
100260120237
100260120238
100260120239
100260120236
100260120241
100260120242
100260120243
100260120240
100260120245
100260120246
100260120247
100260120244
100260120249
100260120250
100260120251
100260120248
100260120253
100260120254
100260120255
100260120252
100260120257
100260120258
100260120259
100260120256
100260120261
100260120262
100260120263
100260120260
100260120265
100260120266
100260120267
100260120264
100260120269
100260120270
100260120271
100260120268
100260120273
100260120274
100260120275
100260120272
100260120277
100260120278
100260120279
100260120276
100260120281
100260120282
100260120283
100260120280
100260120285
100260120286
100260120287
100260120284
100260120289
100260120290
100260120291
100260120288
100260120293
100260120294
100260120295
100260120292
100260120297
100260120298
100260120299
100260120296
100260120301
100260120302
100260120303
100260120300
100260120305
100260120306
100260120307
100260120304
100260120309
100260120310
100260120311
100260120308
100260120313
100260120314
100260120315
100260120312
100260120317
100260120318
100260120319
100260120316
100260120321
100260120322
100260120323
100260120320
100260120325
100260120326
100260120327
100260120324
100260120329
100260120330
100260120331
100260120328
100260120333
100260120334
100260120335
100260120332
100260120337
100260120338
100260120339
100260120336
100260120341
100260120342
100260120343
100260120340
100260120345
100260120346
100260120347
100260120344
100260120349
100260120350
100260120351
100260120348
100260120353
100260120354
100260120355
100260120352
100260120357
100260120358
100260120359
100260120356
100260120361
100260120362
100260120363
100260120360
100260120365
100260120366
100260120367
100260120364
100260120369
100260120370
100260120371
100260120368
100260120373
100260120374
100260120375
100260120372
100260120377
100260120378
100260120379
100260120376
100260120381
100260120382
100260120383
100260120380
100260120385
100260120386
100260120387
100260120384
100260120389
100260120390
100260120388
100260120392
100260120393
100260120394
100260120391
100260120396
100260120397
100260120398
100260120395
100260120400
100260120401
100260120402
100260120399
100260120404
100260120405
100260120406
100260120403
100260120408
100260120409
100260120410
100260120407
100260120412
100260120413
100260120414
100260120411
100260120416
100260120417
100260120415
100260120419
100260120420
100260120421
100260120418
100260120423
100260120424
100260120422
100260120426
100260120427
100260120428
100260120425
100260120430
100260120431
100260120432
100260120429
100260120434
100260120435
100260120436
100260120433
100260120438
100260120439
100260120440
100260120437
100260120442
100260120443
100260120444
100260120441
100260120446
100260120447
100260120448
100260120445
100260120450
100260120451
100260120452
100260120449
100260120454
100260120455
100260120456
100260120453
100260120458
100260120459
100260120460
100260120457
100260120462
100260120463
100260120464
100260120461
100260120466
100260120467
100260120468
100260120465
100260120470
100260120471
100260120472
100260120469
100260120474
100260120475
100260120476
100260120473
100260120478
100260120479
100260120480
100260120477
100260120482
100260120483
100260120484
100260120481
100260120486
100260120487
100260120485
100260120489
100260120490
100260120491
100260120488
100260120493
100260120494
100260120495
100260120492
100260120498
100260120499
100260120500
100260120497
100260120504
100260120505
100260120506
100260120503
100260120508
100260120509
100260120510
100260120507
100260120512
100260120513
100260120514
100260120511
100260120516
100260120517
100260120518
100260120515
100260120520
100260120521
100260120522
100260120519
100260120524
100260120525
100260120526
100260120523
100260120528
100260120529
100260120527
100260120531
100260120532
100260120533
100260120530
100260120535
100260120536
100260120537
100260120534
100260120539
100260120540
100260120541
100260120538
100260120543
100260120544
100260120545
100260120542
100260120547
100260120548
100260120549
100260120546
100260120551
100260120552
100260120553
100260120550
100260120555
100260120556
100260120557
100260120554
100260120559
100260120560
100260120561
100260120558
100260120563
100260120564
100260120565
100260120562
100260120567
100260120568
100260120569
100260120566
100260120571
100260120572
100260120573
100260120570
100260120575
100260120576
100260120577
100260120574
100260120579
100260120580
100260120581
100260120578
100260120583
100260120584
100260120585
100260120582
100260120587
100260120588
100260120589
100260120586
100260120591
100260120592
100260120593
100260120590
100260120595
100260120596
100260120597
100260120594
100260120599
100260120600
100260120601
100260120598
100260120603
100260120604
100260120605
100260120602
100260120607
100260120608
100260120609
100260120606
100260120611
100260120612
100260120613
100260120610
100260120615
100260120616
100260120617
100260120614
100260120619
100260120620
100260120621
100260120618
100260120623
100260120624
100260120625
100260120622
100260120627
100260120628
100260120629
100260120626
100260120631
100260120632
100260120633
100260120630
100260120635
100260120636
100260120637
100260120634
100260120639
100260120640
100260120641
100260120638
100260120643
100260120644
100260120645
100260120642
100260120647
100260120648
100260120649
100260120646
100260120651
100260120652
100260120653
100260120650
100260120655
100260120656
100260120657
100260120654
100260120659
100260120660
100260120661
100260120658
100260120663
100260120664
100260120665
100260120662
100260120667
100260120668
100260120669
100260120666
100260120671
100260120672
100260120670
100260120674
100260120675
100260120676
100260120673
100260120678
100260120679
100260120680
100260120677
100260120682
100260120683
100260120684
100260120681
100260120686
100260120687
100260120688
100260120685
100260120700
100260120702
100260120705
100260120699
100260120743
100260120744
100260120745
100260120742
100260120747
100260120748
100260120749
100260120746
100260120751
100260120752
100260120753
100260120750
100260120755
100260120756
100260120757
100260120754
100260120759
100260120760
100260120761
100260120758
100260120763
100260120764
100260120765
100260120762
100260120767
100260120768
100260120769
100260120766
100260120771
100260120772
100260120773
100260120770
100260120775
100260120776
100260120777
100260120774
100260120779
100260120780
100260120781
100260120778
100260120783
100260120784
100260120785
100260120782
100260120787
100260120788
100260120789
100260120786
100260120791
100260120792
100260120793
100260120790
100260120795
100260120796
100260120794
100260120798
100260120799
100260120800
100260120797
100260120802
100260120803
100260120804
100260120801
100260120806
100260120807
100260120808
100260120805
100260120810
100260120811
100260120812
100260120809
100260120814
100260120815
100260120816
100260120813
100260120818
100260120819
100260120820
100260120817
100260120822
100260120823
100260120824
100260120821
100260120826
100260120827
100260120828
100260120825
100260120830
100260120831
100260120832
100260120829
100260120834
100260120835
100260120836
100260120833
100260120838
100260120839
100260120840
100260120837
100260120842
100260120843
100260120844
100260120841
100260120846
100260120847
100260120848
100260120845
100260120850
100260120851
100260120849
100260120853
100260120854
100260120855
100260120852
100260120857
100260120858
100260120856
100260120860
100260120861
100260120862
100260120859
100260120864
100260120865
100260120866
100260120863
100260120868
100260120869
100260120870
100260120867
100260120872
100260120873
100260120874
100260120871
100260120876
100260120877
100260120878
100260120875
100260120880
100260120881
100260120882
100260120879
100260120884
100260120885
100260120886
100260120883
100260120888
100260120889
100260120890
100260120887
100260120892
100260120893
100260120894
100260120891
100260120896
100260120897
100260120898
100260120895
100260120900
100260120901
100260120902
100260120899
100260120904
100260120905
100260120906
100260120903
100260120908
100260120909
100260120910
100260120907
100260120912
100260120913
100260120914
100260120911
100260120916
100260120917
100260120918
100260120915
100260120920
100260120921
100260120922
100260120919
100260120924
100260120925
100260120926
100260120923
100260120928
100260120929
100260120930
100260120927
100260120932
100260120933
100260120934
100260120931
100260120936
100260120937
100260120938
100260120935
100260120940
100260120941
100260120942
100260120939
100260120944
100260120945
100260120943
100260120947
100260120948
100260120946
100260120950
100260120951
100260120952
100260120949
100260120954
100260120955
100260120953
100260120957
100260120958
100260120959
100260120956
100260120961
100260120962
100260120963
100260120960
100260120965
100260120966
100260120967
100260120964
100260120969
100260120970
100260120971
100260120968
100260120973
100260120974
100260120975
100260120972
100260120977
100260120978
100260120979
100260120976
100260120981
100260120982
100260120983
100260120980
100260120985
100260120986
100260120987
100260120984
100260120989
100260120990
100260120991
100260120988
100260120993
100260120994
100260120995
100260120992
100260120997
100260120998
100260120999
100260120996
100260121001
100260121002
100260121003
100260121000
100260121005
100260121006
100260121007
100260121004
100260121009
100260121010
100260121011
100260121008
100260121013
100260121014
100260121015
100260121012
100260121017
100260121018
100260121019
100260121016
100260121021
100260121022
100260121023
100260121020
100260121025
100260121026
100260121027
100260121024
100260121029
100260121030
100260121031
100260121028
100260121033
100260121034
100260121035
100260121032
100260121037
100260121038
100260121039
100260121036
100260121041
100260121042
100260121043
100260121040
100260121045
100260121046
100260121047
100260121044
100260121049
100260121050
100260121051
100260121048
100260121053
100260121054
100260121055
100260121052
100260121056
100260121058
100260121059
100260121060
100260121057
100260121062
100260121063
100260121064
100260121061
100260121066
100260121067
100260121068
100260121065
100260121070
100260121071
100260121072
100260121069
100260121074
100260121075
100260121076
100260121073
100260121078
100260121079
100260121080
100260121077
100260121082
100260121083
100260121084
100260121081
100260121086
100260121087
100260121088
100260121085
100260121090
100260121091
100260121092
100260121089
100260121094
100260121095
100260121096
100260121093
100260121098
100260121099
100260121100
100260121097
100260121102
100260121103
100260121104
100260121101
100260121106
100260121107
100260121108
100260121105
100260121110
100260121111
100260121112
100260121109
100260121114
100260121115
100260121116
100260121113
100260121118
100260121119
100260121120
100260121117
100260121122
100260121123
100260121124
100260121121
100260121126
100260121127
100260121128
100260121125
100260121130
100260121131
100260121132
100260121129
100260121134
100260121135
100260121136
100260121133
100260121138
100260121139
100260121140
100260121137
100260121142
100260121143
100260121144
100260121141
100260121146
100260121147
100260121148
100260121145
100260121150
100260121151
100260121152
100260121149
100260121154
100260121155
100260121156
100260121153
100260121158
100260121159
100260121160
100260121157
100260121162
100260121163
100260121164
100260121161
100260121166
100260121167
100260121168
100260121165
100260121170
100260121171
100260121172
100260121169
100260121174
100260121175
100260121176
100260121173
100260121178
100260121179
100260121180
100260121177
100260121182
100260121183
100260121184
100260121181
100260121186
100260121187
100260121188
100260121185
100260121190
100260121191
100260121192
100260121189
100260121194
100260121195
100260121196
100260121193
100260121198
100260121199
100260121200
100260121197
100260121202
100260121203
100260121204
100260121201
100260121206
100260121207
100260121208
100260121205
100260121210
100260121211
100260121212
100260121209
100260121214
100260121215
100260121216
100260121213
100260121218
100260121219
100260121217
100260121221
100260121222
100260121223
100260121220
100260121225
100260121226
100260121227
100260121224
100260121229
100260121230
100260121231
100260121228
100260121233
100260121234
100260121235
100260121232
100260121237
100260121238
100260121239
100260121236
100260121241
100260121242
100260121243
100260121240
100260121245
100260121246
100260121247
100260121244
100260121249
100260121250
100260121251
100260121248
100260121253
100260121254
100260121255
100260121252
100260121257
100260121258
100260121256
100260121260
100260121261
100260121262
100260121259
100260121264
100260121265
100260121266
100260121263
100260121268
100260121269
100260121270
100260121267
100260121271
100260121273
100260121274
100260121275
100260121272
100260121277
100260121278
100260121279
100260121276
100260121281
100260121282
100260121283
100260121280
100260121285
100260121286
100260121287
100260121284
100260121289
100260121290
100260121288
100260121292
100260121293
100260121294
100260121291
100260121296
100260121297
100260121298
100260121295
100260121300
100260121301
100260121302
100260121299
100260121304
100260121305
100260121306
100260121303
100260121308
100260121309
100260121310
100260121307
100260121312
100260121313
100260121314
100260121311
100260121316
100260121317
100260121318
100260121315
100260121320
100260121321
100260121322
100260121319
100260121324
100260121325
100260121326
100260121323
100260121328
100260121329
100260121330
100260121327
100260121332
100260121333
100260121331
100260121335
100260121336
100260121337
100260121334
100260121339
100260121340
100260121341
100260121338
100260121343
100260121344
100260121345
100260121342
100260121347
100260121348
100260121349
100260121346
100260121351
100260121352
100260121353
100260121350
100260121355
100260121356
100260121357
100260121354
100260121359
100260121360
100260121361
100260121358
100260121363
100260121364
100260121365
100260121362
100260121367
100260121368
100260121369
100260121366
100260121371
100260121372
100260121373
100260121370
100260121375
100260121376
100260121377
100260121374
100260121379
100260121380
100260121381
100260121378
100260121383
100260121384
100260121385
100260121382
100260121387
100260121388
100260121389
100260121386
100260121391
100260121392
100260121393
100260121390
100260121395
100260121396
100260121397
100260121394
100260121399
100260121400
100260121401
100260121398
100260121403
100260121404
100260121405
100260121402
100260121407
100260121408
100260121409
100260121406
100260121411
100260121412
100260121410
100260121414
100260121415
100260121416
100260121413
100260121418
100260121419
100260121420
100260121417
100260121422
100260121423
100260121424
100260121421
100260121426
100260121427
100260121428
100260121425
100260121430
100260121431
100260121432
100260121429
100260121434
100260121435
100260121436
100260121433
100260121438
100260121439
100260121440
100260121437
100260121442
100260121443
100260121444
100260121441
100260121446
100260121447
100260121448
100260121445
100260121450
100260121451
100260121452
100260121449
100260121454
100260121455
100260121456
100260121453
100260121458
100260121459
100260121460
100260121457
100260121462
100260121463
100260121464
100260121461
100260121466
100260121467
100260121468
100260121465
100260121470
100260121471
100260121472
100260121469
100260121474
100260121475
100260121476
100260121473
100260121478
100260121479
100260121480
100260121477
100260121482
100260121483
100260121484
100260121481
100260121486
100260121487
100260121488
100260121485
100260121490
100260121491
100260121492
100260121489
100260121494
100260121495
100260121496
100260121493
100260121498
100260121499
100260121500
100260121497
100260121502
100260121503
100260121504
100260121501
100260121506
100260121507
100260121508
100260121505
100260121510
100260121511
100260121512
100260121509
100260121514
100260121515
100260121516
100260121513
100260121518
100260121519
100260121520
100260121517
100260121522
100260121523
100260121524
100260121521
100260121526
100260121527
100260121528
100260121525
100260121530
100260121531
100260121532
100260121529
100260121534
100260121535
100260121536
100260121533
100260121538
100260121539
100260121540
100260121537
100260121542
100260121543
100260121541
100260121545
100260121546
100260121547
100260121544
100260121549
100260121550
100260121551
100260121548
100260121553
100260121554
100260121555
100260121552
100260121557
100260121558
100260121559
100260121556
100260121561
100260121562
100260121563
100260121560
100260121565
100260121566
100260121567
100260121564
100260121569
100260121570
100260121571
100260121568
100260121573
100260121574
100260121575
100260121572
100260121577
100260121578
100260121579
100260121576
100260121581
100260121582
100260121583
100260121580
100260121585
100260121586
100260121587
100260121584
100260121589
100260121590
100260121591
100260121588
100260121593
100260121594
100260121595
100260121592
100260121597
100260121598
100260121599
100260121596
100260121601
100260121602
100260121603
100260121600
100260121605
100260121606
100260121607
100260121604
100260121609
100260121610
100260121611
100260121608
100260121613
100260121614
100260121615
100260121612
100260121617
100260121618
100260121619
100260121616
100260121621
100260121622
100260121623
100260121620
100260121625
100260121626
100260121627
100260121624
100260121629
100260121630
100260121631
100260121628
100260121633
100260121634
100260121635
100260121632
100260121637
100260121638
100260121639
100260121636
100260121641
100260121642
100260121643
100260121640
100260121645
100260121646
100260121647
100260121644
100260121649
100260121650
100260121651
100260121648
100260121653
100260121654
100260121655
100260121652
100260121657
100260121658
100260121659
100260121656
100260121661
100260121662
100260121663
100260121660
100260121665
100260121666
100260121667
100260121664
100260121669
100260121670
100260121671
100260121668
100260121673
100260121674
100260121675
100260121672
100260121677
100260121678
100260121679
100260121676
100260121681
100260121682
100260121683
100260121680
100260121685
100260121686
100260121687
100260121684
100260121689
100260121690
100260121691
100260121688
100260121693
100260121694
100260121695
100260121692
100260121697
100260121698
100260121699
100260121696
100260121701
100260121702
100260121703
100260121700
100260121705
100260121706
100260121707
100260121704
100260121709
100260121710
100260121711
100260121708
100260121713
100260121714
100260121715
100260121712
100260121717
100260121718
100260121719
100260121716
100260121721
100260121722
100260121723
100260121720
100260121725
100260121726
100260121727
100260121724
100260121729
100260121730
100260121731
100260121728
100260121733
100260121734
100260121735
100260121732
100260121737
100260121738
100260121739
100260121736
100260121741
100260121742
100260121743
100260121740
100260121745
100260121746
100260121747
100260121744
100260121749
100260121750
100260121751
100260121748
100260121753
100260121754
100260121755
100260121752
100260121757
100260121758
100260121759
100260121756
100260121761
100260121762
100260121763
100260121760
100260121765
100260121766
100260121767
100260121764
100260121769
100260121770
100260121771
100260121768
100260121773
100260121774
100260121775
100260121772
100260121777
100260121778
100260121779
100260121776
100260121781
100260121782
100260121783
100260121780
100260121785
100260121786
100260121787
100260121784
100260121789
100260121790
100260121791
100260121788
100260121793
100260121794
100260121795
100260121792
100260121797
100260121798
100260121799
100260121796
100260121801
100260121802
100260121803
100260121800
100260121805
100260121806
100260121807
100260121804
100260121809
100260121810
100260121811
100260121808
100260121813
100260121814
100260121815
100260121812
100260121817
100260121818
100260121819
100260121816
100260121821
100260121822
100260121823
100260121820
100260121825
100260121826
100260121827
100260121824
100260121829
100260121830
100260121831
100260121828
100260121833
100260121834
100260121835
100260121832
100260121837
100260121838
100260121839
100260121836
100260121840
100260121842
100260121843
100260121844
100260121841
100260121846
100260121847
100260121848
100260121845
100260121850
100260121851
100260121852
100260121849
100260121854
100260121855
100260121856
100260121853
100260121858
100260121859
100260121860
100260121857
100260121862
100260121863
100260121864
100260121861
100260121866
100260121867
100260121868
100260121865
100260121870
100260121871
100260121872
100260121869
100260121874
100260121875
100260121876
100260121873
100260121878
100260121879
100260121880
100260121877
100260121882
100260121883
100260121884
100260121881
100260121886
100260121887
100260121888
100260121885
100260121890
100260121891
100260121892
100260121889
100260121894
100260121895
100260121896
100260121893
100260121898
100260121899
100260121900
100260121897
100260121902
100260121903
100260121904
100260121901
100260121906
100260121907
100260121905
100260121909
100260121910
100260121911
100260121908
100260121913
100260121914
100260121915
100260121912
100260121917
100260121918
100260121919
100260121916
100260121921
100260121922
100260121923
100260121920
100260121925
100260121926
100260121927
100260121924
100260121929
100260121930
100260121931
100260121928
100260121933
100260121934
100260121935
100260121932
100260121937
100260121938
100260121939
100260121936
100260121941
100260121942
100260121943
100260121940
100260121945
100260121946
100260121947
100260121944
100260121949
100260121950
100260121951
100260121948
100260121953
100260121954
100260121955
100260121952
100260121957
100260121958
100260121959
100260121956
100260121961
100260121962
100260121963
100260121960
100260121965
100260121966
100260121967
100260121964
100260121969
100260121970
100260121971
100260121968
100260121973
100260121974
100260121975
100260121972
100260121977
100260121978
100260121979
100260121976
100260121981
100260121982
100260121983
100260121980
100260121985
100260121986
100260121987
100260121984
100260121989
100260121990
100260121991
100260121988
100260121993
100260121994
100260121995
100260121992
100260121997
100260121998
100260121999
100260122000
100260122001
100260122002
100260121996
100260122004
100260122005
100260122006
100260122003
100260122008
100260122009
100260122010
100260122007
100260122012
100260122013
100260122014
100260122011
100260122016
100260122017
100260122018
100260122015
100260122020
100260122021
100260122022
100260122019
100260122024
100260122025
100260122026
100260122023
100260122028
100260122029
100260122030
100260122027
100260122032
100260122033
100260122034
100260122031
100260122036
100260122037
100260122038
100260122035
100260122040
100260122041
100260122042
100260122039
100260122044
100260122045
100260122046
100260122043
100260122048
100260122049
100260122050
100260122047
100260122052
100260122053
100260122054
100260122051
100260122056
100260122057
100260122058
100260122055
100260122060
100260122061
100260122062
100260122059
100260122064
100260122065
100260122066
100260122063
100260122068
100260122069
100260122070
100260122067
100260122072
100260122073
100260122074
100260122071
100260122076
100260122077
100260122078
100260122075
100260122080
100260122081
100260122082
100260122079
100260122084
100260122085
100260122086
100260122083
100260122088
100260122089
100260122090
100260122087
100260122092
100260122093
100260122094
100260122091
100260122096
100260122097
100260122098
100260122095
100260122100
100260122101
100260122102
100260122099
100260122104
100260122105
100260122106
100260122103
100260122108
100260122109
100260122110
100260122107
100260122112
100260122113
100260122114
100260122111
100260122116
100260122117
100260122118
100260122115
100260122120
100260122121
100260122122
100260122119
100260122124
100260122125
100260122126
100260122123
100260122128
100260122129
100260122130
100260122127
100260122132
100260122133
100260122134
100260122131
100260122136
100260122137
100260122138
100260122135
100260122140
100260122141
100260122142
100260122139
100260122144
100260122145
100260122146
100260122143
100260122148
100260122149
100260122150
100260122147
100260122152
100260122153
100260122154
100260122151
100260122156
100260122157
100260122158
100260122155
100260122160
100260122161
100260122162
100260122159
100260122164
100260122165
100260122166
100260122163
100260122168
100260122169
100260122170
100260122167
100260122172
100260122173
100260122174
100260122171
100260122176
100260122177
100260122178
100260122175
100260122180
100260122181
100260122182
100260122179
100260122184
100260122185
100260122186
100260122183
100260122188
100260122189
100260122190
100260122187
100260122192
100260122193
100260122194
100260122191
100260122196
100260122197
100260122198
100260122195
100260122200
100260122201
100260122202
100260122199
100260122204
100260122205
100260122206
100260122203
100260122208
100260122209
100260122210
100260122207
100260122212
100260122213
100260122214
100260122211
100260122216
100260122217
100260122218
100260122215
100260122220
100260122221
100260122222
100260122219
100260122224
100260122225
100260122226
100260122223
100260122228
100260122229
100260122230
100260122227
100260122232
100260122233
100260122234
100260122231
100260122236
100260122237
100260122238
100260122235
100260122240
100260122241
100260122242
100260122239
100260122244
100260122245
100260122246
100260122243
100260122248
100260122249
100260122250
100260122247
100260122252
100260122253
100260122254
100260122251
100260122256
100260122257
100260122258
100260122255
100260122260
100260122261
100260122262
100260122259
100260122264
100260122265
100260122266
100260122263
100260122268
100260122269
100260122270
100260122267
100260122272
100260122273
100260122274
100260122271
100260122276
100260122277
100260122278
100260122275
100260122280
100260122281
100260122282
100260122279
100260122284
100260122285
100260122286
100260122283
100260122288
100260122289
100260122290
100260122287
100260122292
100260122293
100260122294
100260122291
100260122296
100260122297
100260122298
100260122295
100260122300
100260122301
100260122302
100260122299
100260122304
100260122305
100260122306
100260122303
100260122308
100260122309
100260122310
100260122307
100260122312
100260122313
100260122314
100260122311
100260122316
100260122317
100260122318
100260122315
100260122320
100260122321
100260122322
100260122319
100260122324
100260122325
100260122326
100260122323
100260122328
100260122329
100260122330
100260122327
100260122332
100260122333
100260122334
100260122331
100260122336
100260122337
100260122338
100260122335
100260122340
100260122341
100260122342
100260122339
100260122344
100260122345
100260122346
100260122343
100260122348
100260122349
100260122350
100260122347
100260122352
100260122353
100260122354
100260122351
100260122356
100260122357
100260122358
100260122355
100260122360
100260122361
100260122362
100260122359
100260122364
100260122365
100260122366
100260122363
100260122368
100260122369
100260122370
100260122367
100260122372
100260122373
100260122374
100260122371
100260122376
100260122377
100260122378
100260122375
100260122380
100260122381
100260122382
100260122379
100260122384
100260122385
100260122386
100260122383
100260122388
100260122389
100260122390
100260122387
100260122392
100260122393
100260122394
100260122391
100260122396
100260122397
100260122398
100260122395
100260122400
100260122401
100260122402
100260122399
100260122404
100260122405
100260122406
100260122403
100260122408
100260122409
100260122410
100260122407
100260122412
100260122413
100260122414
100260122411
100260122416
100260122417
100260122418
100260122415
100260122420
100260122421
100260122422
100260122419
100260122424
100260122425
100260122426
100260122423
100260122428
100260122429
100260122430
100260122427
100260122432
100260122433
100260122434
100260122431
100260122436
100260122437
100260122438
100260122435
100260122440
100260122441
100260122442
100260122439
100260122444
100260122445
100260122446
100260122443
100260122448
100260122449
100260122450
100260122447
100260122452
100260122453
100260122454
100260122451
100260122456
100260122457
100260122458
100260122455
100260122460
100260122461
100260122462
100260122459
100260122464
100260122465
100260122466
100260122463
100260122468
100260122469
100260122470
100260122467
100260122472
100260122473
100260122474
100260122471
100260122476
100260122477
100260122478
100260122475
100260122480
100260122481
100260122482
100260122479
100260122484
100260122485
100260122486
100260122483
100260122488
100260122489
100260122490
100260122487
100260122492
100260122493
100260122494
100260122491
100260122496
100260122497
100260122498
100260122495
100260122500
100260122501
100260122502
100260122499
100260122504
100260122505
100260122506
100260122503
100260122508
100260122509
100260122510
100260122507
100260122512
100260122513
100260122514
100260122511
100260122516
100260122517
100260122518
100260122515
100260122520
100260122521
100260122522
100260122519
100260122524
100260122525
100260122526
100260122523
100260122528
100260122529
100260122530
100260122527
100260122532
100260122533
100260122534
100260122531
100260122536
100260122537
100260122538
100260122535
100260122540
100260122541
100260122542
100260122539
100260122544
100260122545
100260122546
100260122543
100260122548
100260122549
100260122550
100260122547
100260122552
100260122553
100260122554
100260122551
100260122556
100260122557
100260122558
100260122555
100260122560
100260122561
100260122562
100260122559
100260122564
100260122565
100260122566
100260122563
100260122568
100260122569
100260122570
100260122567
100260122572
100260122573
100260122574
100260122571
100260122576
100260122577
100260122578
100260122575
100260122580
100260122581
100260122582
100260122579
100260122584
100260122585
100260122586
100260122583
100260122588
100260122589
100260122590
100260122587
100260122592
100260122593
100260122594
100260122591
100260122596
100260122597
100260122598
100260122595
100260122600
100260122601
100260122602
100260122599
100260122604
100260122605
100260122606
100260122603
100260122608
100260122609
100260122610
100260122607
100260122612
100260122613
100260122614
100260122611
100260122616
100260122617
100260122618
100260122615
100260122620
100260122621
100260122622
100260122619
100260122624
100260122625
100260122626
100260122623
100260122628
100260122629
100260122630
100260122627
100260122632
100260122633
100260122634
100260122631
100260122636
100260122637
100260122638
100260122635
100260122640
100260122641
100260122642
100260122639
100260122644
100260122645
100260122646
100260122643
100260122648
100260122649
100260122650
100260122647
100260122652
100260122653
100260122654
100260122651
100260122656
100260122657
100260122658
100260122655
100260122660
100260122661
100260122662
100260122659
100260122664
100260122665
100260122666
100260122663
100260122668
100260122669
100260122670
100260122667
100260122672
100260122673
100260122674
100260122671
100260122676
100260122677
100260122678
100260122675
100260122680
100260122681
100260122682
100260122679
100260122684
100260122685
100260122686
100260122683
100260122688
100260122689
100260122690
100260122687
100260122692
100260122693
100260122694
100260122691
100260122696
100260122697
100260122698
100260122695
100260122700
100260122701
100260122702
100260122699
100260122704
100260122705
100260122706
100260122703
100260122708
100260122709
100260122710
100260122707
100260122712
100260122713
100260122714
100260122711
100260122716
100260122717
100260122718
100260122715
100260122720
100260122721
100260122722
100260122719
100260122724
100260122725
100260122726
100260122723
100260122728
100260122729
100260122730
100260122727
100260122732
100260122733
100260122734
100260122731
100260122736
100260122737
100260122738
100260122735
100260122740
100260122741
100260122742
100260122739
100260122744
100260122745
100260122746
100260122743
100260122748
100260122749
100260122750
100260122747
100260122752
100260122753
100260122754
100260122751
100260122756
100260122757
100260122758
100260122755
100260122760
100260122761
100260122762
100260122759
100260122764
100260122765
100260122766
100260122763
100260122768
100260122769
100260122770
100260122767
100260122772
100260122773
100260122774
100260122771
100260122776
100260122777
100260122778
100260122775
100260122780
100260122781
100260122782
100260122779
100260122784
100260122785
100260122786
100260122783
100260122788
100260122789
100260122790
100260122787
100260122792
100260122793
100260122794
100260122791
100260122796
100260122797
100260122798
100260122795
100260122800
100260122801
100260122802
100260122799
100260122804
100260122805
100260122806
100260122803
100260122808
100260122809
100260122810
100260122807
100260122812
100260122813
100260122814
100260122811
100260122816
100260122817
100260122818
100260122815
100260122820
100260122821
100260122822
100260122819
100260122824
100260122825
100260122826
100260122823
100260122828
100260122829
100260122830
100260122827
100260122832
100260122833
100260122834
100260122831
100260122836
100260122837
100260122838
100260122835
100260122840
100260122841
100260122842
100260122839
100260122844
100260122845
100260122846
100260122843
100260122848
100260122849
100260122850
100260122847
100260122852
100260122853
100260122854
100260122851
100260122856
100260122857
100260122858
100260122855
100260122860
100260122861
100260122862
100260122859
100260122864
100260122865
100260122866
100260122863
100260122868
100260122869
100260122870
100260122867
100260122872
100260122873
100260122874
100260122871
100260122876
100260122877
100260122878
100260122875
100260122880
100260122881
100260122882
100260122879
100260122884
100260122885
100260122886
100260122883
100260122888
100260122889
100260122890
100260122887
100260122892
100260122893
100260122894
100260122891
100260122896
100260122897
100260122898
100260122895
100260122900
100260122901
100260122902
100260122899
100260122904
100260122905
100260122906
100260122903
100260122908
100260122909
100260122910
100260122907
100260122912
100260122913
100260122914
100260122911
100260122916
100260122917
100260122918
100260122915
100260122920
100260122921
100260122922
100260122919
100260122924
100260122925
100260122926
100260122923
100260122928
100260122929
100260122930
100260122927
100260122932
100260122933
100260122934
100260122931
100260122936
100260122937
100260122938
100260122935
100260122940
100260122941
100260122942
100260122939
100260122944
100260122945
100260122946
100260122943
100260122948
100260122949
100260122950
100260122947
100260122952
100260122953
100260122954
100260122951
100260122956
100260122957
100260122958
100260122955
100260122960
100260122961
100260122962
100260122959
100260122964
100260122965
100260122966
100260122963
100260122968
100260122969
100260122970
100260122967
100260122972
100260122973
100260122974
100260122971
100260122976
100260122977
100260122978
100260122975
100260122980
100260122981
100260122982
100260122979
100260122984
100260122985
100260122986
100260122983
100260122988
100260122989
100260122990
100260122987
100260122992
100260122993
100260122994
100260122991
100260122996
100260122997
100260122995
100260122999
100260123000
100260123001
100260122998
100260123003
100260123004
100260123005
100260123002
100260123007
100260123008
100260123009
100260123006
100260123011
100260123012
100260123013
100260123010
100260123015
100260123016
100260123017
100260123014
100260123019
100260123020
100260123021
100260123018
100260123023
100260123024
100260123025
100260123022
100260123027
100260123028
100260123029
100260123026
100260123031
100260123032
100260123033
100260123030
100260123035
100260123036
100260123037
100260123034