10025229459
10025229514
10025315579
10025315583
10025618680
10025712308
10025712309
10025712310
10025712311
100259419
1002601
1002602
1002603
1002604
1002605
1002606
1002607
1002608
1002609
1002624010
1002624011
1002624063
10026318729
1002645362
10026528157
10026613588
10026613595
10026621810
10026624968
100267987
100267991
10026833294
10026833295
1002704631
1002704632
1002705024
10027217638
10027217639
10027217640
10027217641
10027416275
10027416276
10027418592
10027418652
1002753689
1002753690
1002753691
1002753692
1002753698
1002753909
1002756351
10027510567
1002765029
1002765030
1002765055
10027724294
1002791
1002792
1002793
1002794
1002795
1002796
1002797
1002798
1002799
13471723709
13471723710
13471724514
13471727364
1347275232
1347275233
1347275234
1347275235
1347275236
1347797480
13477910834
1348073517
1348073527
1348073528
13488613192
13497021690
13497021691
1350131130
1350131131
1350131132
1350131133
1350131192
1350431
1350432
1350433
1350434
1350435
1350436
1350437
1350438
1350439
1350731
1350732
1350733
1350734
13507344
13507345
13507361
13507362
135073258
1350761
1350762
1350763
13507610
13507611
13507612
135076310
135076311
135076312
1350771
1350772
1350773
1350774
1350775
1350776
1350777
1350778
1350779
13534219301
135565751
135565752
1356271
1356591590
1356591591
1357034464
1357484104
1357484209
1357484210
10025043207
10025043848
10025043861
10025043889
10025043890
10025043891
10025043892
10025043893
10025043894
10025043895
10025043896
10025043897
10025043898
10025043899
10025043903
10025043904
10025043905
10025043906
10025043910
10025043911
10025043912
10025043915
10025046402
10025051047
10025051050
10025051057
10025052383
10025052388
10025053554
10025053633
10025056121
10025056202
10025056203
10025058332
10025058333
10025058334
10025058549
10025058550
10025058551
10025058974
10025059746
10025060298
10025061922
10025061923
10025061924
10025063430
10025063431
10025063432
10025063433
10025066428
10025066429
10025066430
10025066431
10025066432
10025169750
10025169751
10025169948
10025175433
10025175434
10025175438
10025175439
10025185517
10025185518
10025185519
10025185520
10025185521
10025185522
10025185523
10025185524
10025185525
10025185558
10025185668
10025185821
10025185822
10025188316
10025189024
10025189025
10025189026
10025189033
10025189046
10025189050
10025189191
10025189307
10025189376
10025190267
10025192411
10025194849
10025194924
10025194954
10025195142
10025196037
10025196065
10025196102
10025196630
10025197285
10025197295
10025198848
10025198849
100251101633
100251105258
10025229515
10025231642
10025236591
10025237779
10025237780
10025244962
10025244963
10025245555
10025245556
10025245557
10025245570
10025245574
10025245578
10025245579
10025245583
10025245601
10025245605
10025245606
10025245636
10025247459
10025248665
10025255055
10025255062
10025321512
10025321513
10025328019
10025330967
10025330995
10025335465
10025337376
10025419799
10025421139
10025430895
10025523490
10025523491
10025536825
10025549040
10025549044
10025549045
10025549046
10025549047
10025549241
10025549370
10025549371
10025549375
10025549397
10025549691
10025549840
10025618681
10025618727
10025621885
10025621886
10025630041
10025631475
10025633614
10025633615
10025635791
10025635792
10025636001
10025636002
10025636009
10025636010
10025636011
10025636048
10025636351
10025636352
10025636353
10025712328
10025712329
10025712401
10025712727
10025724921
10025724928
10025724929
10025725610
10025816036
10025816037
10025816041
10025816042
10025863285
10026010
10026011
10026012
10026013
10026014
10026015
10026016
10026017
10026018
10026019
10026020
10026021
10026022
10026023
10026024
10026025
10026059418
10026059419
10026059840
10026063553
10026064385
10026064386
10026064387
10026064388
10026064389
10026067367
10026067368
10026067369
10026077226
10026077227
100260110768
100260110772
100260110773
100260110777
100260111222
100260112434
100260112657
100260113543
100260113547
100260113551
100260113552
100260113643
100260113644
100260114995
100260115014
100260116511
100260118158
100260123364
10026126443
10026126688
10026126689
10026126690
10026130591
10026130687
10026130935
10026130936
10026130937
10026130938
10026130939
10026130940
10026132211
10026132439
10026132651
10026133308
10026135059
10026135123
10026135290
10026141515
10026141651
10026142942
10026142946
10026142986
10026148797
10026170764
10026175993
1002624064
10026232061
10026232573
10026232607
10026232608
10026232609
10026232610
10026232611
10026232612
10026318730
10026327667
10026343368
1002647467
10026410004
10026410005
10026410006
10026410089
10026410096
10026529034
10026529810
10026532082
10026532083
10026641024
10026641028
1002671899
1002671918
1002671919
10026833296
10026833297
10026947831
10026948716
10026952019
10026953694
10027014859
10027163946
10027163953
10027164055
10027164521
10027165687
10027165688
10027165689
10027166154
10027166155
10027166186
10027167162
10027173873
10027179790
10027179794
10027179798
10027182322
10027197873
100271529735
100271529736
100271529743
100271529746
100271529753
100271529791
100271529795
100271529836
100271529869
100271529887
100271530354
100271534235
100271535168
10027217642
10027217643
10027319680
10027320222
10027424483
10027514540
10027514556
10027520574
10027520575
10027520576
10027520607
10027520608
10027520627
10027520652
10027520668
10027520681
10027520691
10027520692
10027520698
10027520711
10027525843
10027529727
10027533288
10027533321
10027537565
10027539251
10027539641
1002766493
1002766497
1002766501
1002766534
1002766583
1002766584
1002767195
1002767196
1002767197
1002767314
1002767405
1002767406
1002768245
10027724295
10027750427
10027750431
10027750939
10027910
10027911
10027912
10027913
10027914
10027915
10027916
10027917
10027918
10027919
10027920
10027921
10027922
10027923
10027924
10027925
10027926
10027927
10027928
10027929
10027930
10027931
10027932
10027933
10027934
10027935
10027936
10027937
10027938
10027939
10027940
10027941
10027942
10027943
10027944
10027945
10027946
10027947
10027948
10027949
10027950
10027951
10027952
10027953
10027954
10027955
10027956
10027957
10027958
10027959
10027960
10027961
100279138
100279139
100279140
100279141
100279164355
100279164356
100279164357
100279164358
100279164359
100279164360
100279164361
100279164362
100279164363
100279164364
100279164365
100279164366
100279164367
100279164368
100279164369
100279164370
100279164371
100279164372
100279164373
100279164374
100279164375
100279164376
100279164377
100279164378
100279164379
100279164380
100279164381
100279164382
100279164383
100279164384
100279164385
100279164386
100279164387
100279164388
1347275237
1347275238
13488613193
13488613194
13488613195
13488613199
1349393831
1349393840
1349393841
1349393842
1349393843
1349393889
1349393890
1349394081
1349395396
1349395397
1349395398
1349395399
1349395400
1349395401
1349395402
13497021805
1349841598
1349841602
1349841606
1349841739
1349841751
13504310
13504311
13504312
13504313
13504314
13504315
13504316
13504317
13504318
13504319
13504320
1350431559
1350431560
1350431561
1350431585
1350431601
1350431937
1350435891
1350435898
135073274
135073284
135073486
135073803
135076352
135076914
13507710
13507711
13507712
13507713
13507714
13507715
13507716
13507717
13507718
13507719
13507720
135077128341
135077128342
135077128343
135077128344
135077128345
135077128366
135077128463
135077129570
1351993377
1351993378
1351993379
1351993570
1351993571
1351993572
1351993573
1351993574
1351993575
1351993576
1351993577
1351993578
1351993579
1351993580
1351993581
1351993582
1351993583
1351993584
1351993585
1351993586
1351993686
1351993687
1351993688
1351993689
1351993690
1351993691
1351993692
1351993693
1351993694
1351993695
1351993696
1351993697
1351993698
1351993699
1351993700
1351993701
1351993702
1351993703
1351993704
1351993705
1351993706
1351993707
1351993708
1351993709
1351993710
1351993711
1351993712
1351993713
1351993714
1351993715
1351993890
1351995736
1351995737
13523735574
13523735577
13523737460
13523737461
13523737462
13523737463
13523737464
13523740218
13523741458
13523743461
1352858627
1352858628
1352858924
1352858925
1352858926
1352858927
1352858928
1352858929
1352858930
1352858931
1352858932
1352858939
1352859428
1352859993
13528510582
13528510583
13528511220
13528511419
13534219302
13534219363
13534219364
13534219365
13534219368
13534220604
13534222656
13537418695
13537418696
13537418697
13537418698
13537418699
13537418700
13537418701
13537418702
13537419000
13537419037
13537419041
13537419042
13537419046
13542511912
13542511921
13542511922
13542511923
13542511924
13542511925
13542511926
13542511927
13542511928
13542511929
13542514361
13542514362
13542514363
13542514976
13544228102
13544228103
13544228104
13544228105
13544228106
13544228428
13544228647
13544232529
13544232533
13544233422
1355588054
1355588058
1355588086
1355588619
1355589474
1355589475
1355589476
1355589477
1355589770
13555821845
13555822139
1356097936
1356097937
1356097938
1356097939
1356097940
1356097941
1356099621
1356099622
1356099623
1356099624
1356099625
1356099626
1356099627
1356591594
1356591595
1356591596
1356591597
1356591598
1356591599
1356591603
1356591609
1356591610
1356681865
1356681866
1356681867
135077131213
135077131275
135077128347
13572623686
13572625789
13572629647
100279164389
100279164390
100279164391
100279164392
100279164393
100279164394
100279164395
100279164396
100279164397
135077140728
100279164399
100279164400
100279164401
100279164402
100279164403
100279164404
135077140728
135077140729
135077140730
135077140731
135077140732
135077140733
135077142352
135077142386
135077142397
135077142398
135077142399
135077142566
135077142401
135077142901
135077143088
135077144339
135077147508
135077148445
135077150890
135077166750
135077166776
135077166780
135077166859
135077166860
135077167775
135077167796
135077167797
135077167884
135077168086
135077168087
135077168088
135077168089
135077168090